171
117
118
119
124
129
136
146
145
144
143
142
141
6
7
8
9
2
1
77
73
170
49
50
51
52
53
43
55
54
58
59
60
68
67
167
70
87
86
85
84
69
66
63
64
56
57
62
61
65
88
153
154
89
90
91
94
96
97
98
95
92
93
166
107
106
105
165
163
99
100
101
123
162
122
121
120
102
103
104
114
113
164
127
126
125
128
130
131
132
133
134
10
76
74
75
11
12
18
19
20
21
16
17
29
22
23
26
27
28
30
31
33
34
156
40
39
38
35
36
157
41
155
42
45
44
46
47
48
168
72
78
82
79
80
81
0
3
4
5
169
111
110
109
108
83
71
37
158
32
24
25
150
161
160
151
152
149
148
147
137
138
135
139
140
14
15
159
13
112
115
116
117
