358
109
251
66
14
162
133
108
245
34
9
217
201
228
71
53
234
267
209
175
307
40
237
355
269
138
113
84
32
31
177
340
274
232
4
44
272
144
123
119
244
357
325
107
193
264
341
280
68
124
353
313
89
230
23
57
339
295
94
136
111
216
142
312
141
161
152
310
127
131
164
218
319
243
240
204
33
238
192
256
318
91
122
303
200
225
11
15
81
212
24
10
282
301
150
299
139
271
290
37
326
96
48
330
257
255
176
354
16
155
63
249
203
73
62
263
27
334
236
87
83
93
308
28
213
70
188
194
67
183
265
258
187
205
241
189
30
135
211
226
51
98
5
163
2
54
185
247
333
41
74
95
233
19
347
291
153
65
128
278
277
336
268
186
346
146
117
235
202
120
36
29
112
198
283
118
55
126
293
90
39
72
172
296
195
157
248
52
20
350
181
148
102
262
332
210
320
270
356
101
86
165
311
116
231
114
97
208
43
38
178
184
64
266
151
143
140
110
92
206
344
288
130
349
331
158
149
137
134
82
259
260
214
167
145
56
115
294
351
304
174
7
246
6
284
220
46
352
79
17
285
227
315
223
77
42
103
49
78
196
252
335
105
154
22
99
35
18
85
147
45
8
100
328
314
169
348
292
59
125
337
279
327
250
215
338
168
222
316
224
80
0
305
300
221
199
25
12
239
21
69
298
26
343
287
229
309
61
159
3
76
1
345
289
132
104
171
273
219
106
180
47
170
166
156
60
275
191
276
182
323
302
281
324
207
286
297
197
88
58
261
242
306
254
160
317
129
75
50
321
329
253
179
173
342
13
121
190
322
109
