171
31
34
156
155
41
42
55
54
58
59
63
64
56
57
62
61
68
66
65
88
90
89
153
87
85
86
83
84
69
67
167
70
71
60
50
51
52
53
43
44
39
38
75
19
37
35
40
45
46
47
48
49
73
170
168
72
77
78
82
79
80
81
0
111
110
109
108
166
107
106
114
127
126
125
129
146
145
135
138
139
134
113
115
104
105
97
98
95
94
93
92
154
91
96
165
163
99
101
100
103
117
118
119
120
124
128
130
131
132
9
2
1
3
4
5
133
169
112
164
116
102
162
123
122
121
136
137
147
148
149
161
14
25
150
160
151
152
142
143
144
140
141
6
7
8
10
76
74
11
12
18
20
21
22
16
17
29
30
28
27
26
23
24
15
159
13
32
158
36
157
33
31
